index:,temp:,pressure:
0,21451,14
1,21451,14
2,21451,14
3,21451,14
4,21451,14
5,21451,14
6,21451,14
7,21451,14
8,21451,14
9,21451,14
10,21451,14
11,21451,14
12,21451,14
13,21451,14
14,21451,14
15,21451,14
16,21451,14
17,21451,14
18,21451,14
19,21451,14
20,21451,14
21,21451,14
22,21451,14
23,21451,14
24,21451,14
25,21451,14
26,21451,14
27,21451,14
28,21451,14
29,21451,14
30,21451,14
31,21451,14
32,21451,14
33,21451,14
34,21451,14
35,21451,14
36,21451,14
37,21451,14
38,21451,14
39,21451,14
40,21451,14
41,21451,14
42,21451,14
43,21451,14
44,21451,14
45,21451,14
46,21451,14
47,21451,14
48,21451,14
49,21451,14
50,21451,14
51,21451,14
52,21451,14
53,21451,14
54,21451,14
55,21451,14
56,21451,14
57,21451,14
58,21451,14
59,21451,14
60,21451,14
61,21451,14
62,21451,14
63,21451,14
64,21451,14
65,21451,14
66,21451,14
67,21451,14
68,21451,14
69,21451,14
70,21451,14
71,21451,14
72,21451,14
73,21451,14
74,21451,14
75,21451,14
76,21451,14
77,21451,14
78,21451,14
79,21451,14
80,21451,14
81,21451,14
82,21451,14
83,21451,14
84,21451,14
85,21451,14
86,21451,14
87,21451,14
88,21451,14
89,21451,14
90,21451,14
91,21451,14
92,21451,14
93,21451,14
94,21451,14
95,21451,14
96,21451,14
97,21451,14
98,21451,14
99,21451,14
100,21451,14
101,21451,14
102,21451,14
103,21451,14
104,21451,14
105,21451,14
106,21451,14
107,21451,14
108,21451,14
109,21451,14
110,21451,14
111,21451,14
112,21451,14
113,21451,14
114,21451,14
115,21451,14
116,21451,14
117,21451,14
118,21451,14
