index:,temp:,pressure:
0,12,125
1,12,125
2,12,125
3,12,125
4,12,125
5,12,125
6,12,125
7,12,125
8,12,125
9,12,125
10,12,125
11,12,125
12,12,125
13,12,125
14,12,125
15,12,125
16,12,125
17,12,125
18,12,125
19,12,125
20,12,125
21,12,125
22,12,125
23,12,125
24,12,125
25,12,125
26,12,125
27,12,125
28,12,125
29,12,125
30,12,125
31,12,125
32,12,125
33,12,125
34,12,125
35,12,125
36,12,125
37,12,125
38,12,125
39,12,125
40,12,125
41,12,125
42,12,125
43,12,125
44,12,125
45,12,125
46,12,125
47,12,125
48,12,125
49,12,125
50,12,125
51,12,125
52,12,125
53,12,125
54,12,125
55,12,125
56,12,125
57,12,125
